   16    1    1
  0.257909475310E+04  0.259600969207E+01  0.669535497580E+16
  0.446446269787E-03  0.160000000000E+02
  0.170928322456E+02  0.717935302007E+02  0.744898524671E+02
  0.913028644613E+01 -0.304853223494E-21  0.365203983366E-21
  0.100000000000E+01  0.155619065540E-21  0.741115642933E-23
  0.218471845005E-23 -0.524779764025E-01  0.923255993015E-23
 -0.110382198527E-22  0.825388488718E-01 -0.277453207145E-01
 -0.140008205540E-02  0.405582328268E-02  0.337933215101E-02
  0.179223081880E-02 -0.686770691937E-03 -0.103371969483E-01
 -0.121347810238E-01  0.128996190765E-01 -0.105760061989E-03
  0.136527947319E-03 -0.174966194715E-01  0.454262371882E-02
 -0.319330301545E-03 -0.141214727824E-03  0.175877613117E-01
 -0.893880796690E-02  0.568858091441E-03 -0.276932275121E-02
 -0.119873320673E-02 -0.845828347685E-03  0.356430569137E-03
  0.457741380055E-02  0.357650520150E-02  0.449969310508E-03
 -0.703935955705E-03 -0.101707437020E-01 -0.594819072280E-02
 -0.472044395416E-02 -0.120004447886E-03 -0.861105710924E-04
  0.649662471826E-02 -0.114520774057E-02  0.254145923808E-03
  0.380382451054E-04 -0.576293359057E-02  0.175037727599E-02
 -0.498427745758E-03  0.108926450132E-04  0.506182942732E-02
 -0.152214471989E-02 -0.366956608880E-03  0.166512572391E-02
  0.449186045505E-03  0.376182078832E-03 -0.191714325615E-03
 -0.260007332468E-02 -0.130138393723E-02 -0.150786398448E-03
  0.326851282343E-03  0.373456017637E-02  0.177544861642E-02
  0.165143337589E-03 -0.519997523760E-03 -0.647193390903E-02
 -0.214679457423E-02  0.163533075654E-02  0.408218754939E-03
  0.329608863601E-04 -0.295205528422E-02  0.145867030111E-03
 -0.327947210686E-03  0.129378221199E-03  0.301891128177E-02
 -0.145879740853E-03  0.637133597480E-03  0.190628115207E-03
 -0.223569270619E-02 -0.412639938554E-03 -0.603580820436E-03
 -0.294151306133E-03  0.250952966293E-02  0.154835364648E-02
  0.128107656856E-02 -0.438615101420E-03 -0.512244776503E-03
  0.291984119626E-03  0.544468498604E-03  0.171806966525E-02
  0.860257116730E-03 -0.289026856924E-03 -0.380559878624E-03
 -0.188835742581E-02 -0.118153217199E-02 -0.881395934414E-03
  0.237408159685E-03  0.245702709390E-02  0.137346013408E-02
 -0.942969020656E-03  0.359148052439E-03 -0.246220127361E-02
 -0.171164058070E-03 -0.175926332757E-02  0.285107922632E-02
 -0.171914840077E-02 -0.396033141164E-03 -0.117173112172E-02
  0.298422615219E-03 -0.344149058694E-03 -0.492567918771E-04
 -0.202408044222E-02 -0.103332770217E-02 -0.186553386167E-02
  0.912184334201E-03  0.108174198748E-02  0.355591935473E-02
 -0.887972096861E-03  0.437605003977E-03 -0.224912921904E-03
 -0.305124806680E-02 -0.346184639947E-03  0.254406381629E-02
  0.193905207176E-02 -0.520574109398E-02 -0.723089798582E-03
  0.262452482417E-02 -0.714025006335E-03 -0.224777812948E-02
 -0.139159568057E-02 -0.832482209500E-04 -0.113460855062E-02
 -0.109691189896E-02  0.629456916725E-02 -0.109167076722E-02
  0.201237235652E-02 -0.695410176290E-03 -0.263303311967E-03
 -0.116446814557E-02  0.396856014000E-02 -0.129803356821E-02
  0.176779318969E-02  0.131078737628E-02 -0.174447575774E-02
  0.171613762661E-02 -0.327517061824E-02 -0.785882299147E-02
  0.687500350510E-02 -0.125936235812E-01  0.117281727176E-01
  0.100613586459E-01  0.110399584963E-01 -0.474194733812E-03
 -0.427631236902E-03 -0.387598286038E-03  0.529504495546E-03
 -0.601052143796E-02  0.603442235107E-02 -0.826719471367E-03
  0.460543402033E-03 -0.422243591912E-02 -0.304138094643E-02
 -0.717138748815E-02  0.221335990917E-02  0.646965112048E-02
  0.457688984200E-02 -0.164790781577E-01 -0.100918912485E-01
 -0.321790721768E-03  0.252956501551E-02  0.897373328036E-02
  0.480794340677E-03  0.173911682582E-03 -0.582101116787E-03
 -0.110689348920E-03 -0.244054445217E-03  0.611996402339E-05
  0.619077478135E-03  0.315008319040E-03  0.236348023842E-03
 -0.146347346199E-04 -0.676010604527E-03 -0.473963003276E-03
 -0.221447160244E-03  0.211038352012E-04  0.724484616813E-03
  0.576530238758E-03  0.207501142968E-03 -0.163460674683E-04
 -0.736987916323E-03 -0.638014975835E-03 -0.213552448468E-03
 -0.103185531495E-05  0.705363553335E-03  0.712516428036E-03
  0.245473400128E-03  0.106989150203E-04 -0.716963334122E-03
 -0.101982685137E-02 -0.524832856769E-03 -0.179576140063E-03
 -0.454485200606E-05  0.712425530188E-03  0.601328419267E-04
  0.179104003712E-03  0.150677293070E-04 -0.632891152457E-03
 -0.147705332877E-03 -0.184100316006E-03 -0.261500918436E-04
  0.530389709324E-03  0.280623722603E-03  0.199167904725E-03
  0.294336616936E-04 -0.441919145927E-03 -0.461809210026E-03
 -0.219021644685E-03 -0.143731334519E-04  0.408365607483E-03
  0.680757022516E-03  0.227244633277E-03 -0.191206685717E-04
 -0.479333047546E-03 -0.930086027317E-03 -0.203714577124E-03
  0.492666117725E-04  0.825024198454E-03  0.134896641438E-02
 -0.114509034253E-03  0.447492323532E-03  0.821504471662E-04
  0.163195573063E-03  0.787492008036E-05 -0.463608933489E-03
 -0.234937041320E-03 -0.164222113211E-03 -0.991149801505E-05
  0.483212670519E-03  0.357972214259E-03  0.160250275953E-03
  0.637325060617E-05 -0.486415516461E-03 -0.446036417556E-03
 -0.151809287065E-03 -0.381071358910E-05  0.455394086255E-03
  0.511147107848E-03  0.149067936142E-03  0.784759610108E-05
 -0.384241042975E-03 -0.583072081057E-03 -0.165859756412E-03
 -0.130776253915E-04  0.287960063624E-03  0.717681918294E-03
  0.196457433089E-03  0.124475770155E-05 -0.233429428606E-03
 -0.113820390641E-02  0.385397890471E-03  0.130315127963E-03
  0.317129951228E-05 -0.523157924032E-03 -0.620469940966E-04
 -0.124968101040E-03 -0.118416889774E-04  0.464230366057E-03
  0.141029147630E-03  0.120166455297E-03  0.245514250182E-04
 -0.385802371999E-03 -0.246462949204E-03 -0.122565411643E-03
 -0.366694687571E-04  0.309778008563E-03  0.376368407894E-03
  0.133229712803E-03  0.397129846647E-04 -0.254992806921E-03
 -0.518642233988E-03 -0.145557227669E-03 -0.288404879829E-04
  0.233085167977E-03  0.658557052823E-03  0.150323682308E-03
  0.991649114745E-05 -0.253001647415E-03 -0.795131202519E-03
 -0.142476803077E-03  0.157133713301E-05  0.368378488379E-03
  0.105036955196E-02
    0
